               ----------------
               | 0  | 1  | 2  |
               ----------------
               | 3  | 4  | 5  |
               ----------------
               | 6  | 7  | 8  |
               ----------------
-------------------------------------------------------------
| 9  | 10 | 11 | 18 | 19 | 20 | 28 | 29 | 30 | 37 | 38 | 39 |
-------------------------------------------------------------
| 12 | 13 | 14 | 21 | 22 | 23 | 31 | 32 | 33 | 40 | 41 | 42 |
-------------------------------------------------------------
| 15 | 16 | 17 | 24 | 25 | 26 | 34 | 35 | 36 | 43 | 44 | 45 |
-------------------------------------------------------------
               ----------------
               | 46 | 47 | 48 |
               ----------------
               | 49 | 59 | 59 |
               ----------------
               | 51 | 52 | 53 |
               ----------------